./combine<<!
'ATLAS Combination 2011 data R32 and 2d results'
-1 -1 0 internal & minuit debug level, dependency flag
1 4 20  # of observables, measurements, error classes
'Mtop'     name of observable
                      'Stat'  'Meth' 'MCgen' 'Had' 'Pile'  'UE'  'CR' 'IFSR'  'PDF' 'Wnorm' 'Wsha' 'Qnorm' 'Qsha' 'iJES' 'JES' 'bJES' 'btag' 'JER' 'JEFF' 'MET'
'1d-el' 'Mtop' 172.93  1.46    0.07    0.81  0.33   0.05  0.06  0.47   1.45   0.22    0.16   0.11    0.07   0.14   0.00  1.21   1.09   0.21  0.34  0.08  0.05
'1d-mu' 'Mtop' 175.54  1.13    0.04    0.69  0.52   0.05  0.10  0.74   1.40   0.09    0.19   0.18    0.05   0.12   0.00  1.25   1.21   0.13  0.38  0.11  0.05
'2d-el' 'Mtop' 174.30  0.83    0.10    0.39  0.20   0.01  0.42  0.32   1.04   0.10    0.34   0.07    0.25   0.38   0.59  0.63   1.61   0.31  0.07  0.005 0.12
'2d-mu' 'Mtop' 175.01  0.74    0.03    0.22  0.06   0.01  0.96  1.04   0.95   0.10    0.44   0.22    0.33   0.30   0.51  0.71   1.53   0.26  0.07  0.01  0.16
  
1.00 0.00 0.15 0.00 Stat
0.00 1.00 0.00 0.16
0.15 0.00 1.00 0.00
0.00 0.16 0.00 1.00

1.0 0.0 0.0 0.0 Meth
0.0 1.0 0.0 0.0
0.0 0.0 1.0 0.0
0.0 0.0 0.0 1.0

1.0 1.0 1.0 1.0 MCGen
1.0 1.0 1.0 1.0
1.0 1.0 1.0 1.0
1.0 1.0 1.0 1.0

1.0 1.0 1.0 1.0 Had
1.0 1.0 1.0 1.0
1.0 1.0 1.0 1.0
1.0 1.0 1.0 1.0

1.0 1.0 1.0 1.0 Pile
1.0 1.0 1.0 1.0
1.0 1.0 1.0 1.0
1.0 1.0 1.0 1.0

1.0 1.0 1.0 1.0 UE
1.0 1.0 1.0 1.0
1.0 1.0 1.0 1.0
1.0 1.0 1.0 1.0

1.0 1.0 1.0 1.0 CR
1.0 1.0 1.0 1.0
1.0 1.0 1.0 1.0
1.0 1.0 1.0 1.0

1.0 1.0 1.0 1.0 IFSR
1.0 1.0 1.0 1.0
1.0 1.0 1.0 1.0
1.0 1.0 1.0 1.0

1.0 1.0 1.0 1.0 PDF
1.0 1.0 1.0 1.0
1.0 1.0 1.0 1.0
1.0 1.0 1.0 1.0

1.0 1.0 1.0 1.0 Wnorm
1.0 1.0 1.0 1.0
1.0 1.0 1.0 1.0
1.0 1.0 1.0 1.0

1.0 1.0 1.0 1.0 Wsha
1.0 1.0 1.0 1.0
1.0 1.0 1.0 1.0
1.0 1.0 1.0 1.0

1.0 0.0 1.0 0.0 Qnorm
0.0 1.0 0.0 1.0
1.0 0.0 1.0 0.0
0.0 1.0 0.0 1.0

1.0 0.0 1.0 0.0 Qsha
0.0 1.0 0.0 1.0
1.0 0.0 1.0 0.0
0.0 1.0 0.0 1.0

1.0 0.0 0.0 0.0 iJES
0.0 1.0 0.0 0.0 
0.0 0.0 1.0 0.0
0.0 0.0 0.0 1.0

1.0 1.0 1.0 1.0 JES
1.0 1.0 1.0 1.0
1.0 1.0 1.0 1.0
1.0 1.0 1.0 1.0

1.0 1.0 1.0 1.0 bJES
1.0 1.0 1.0 1.0
1.0 1.0 1.0 1.0
1.0 1.0 1.0 1.0

1.0 1.0 1.0 1.0 btag
1.0 1.0 1.0 1.0
1.0 1.0 1.0 1.0
1.0 1.0 1.0 1.0

1.0 1.0 1.0 1.0 JER
1.0 1.0 1.0 1.0
1.0 1.0 1.0 1.0
1.0 1.0 1.0 1.0

1.0 1.0 1.0 1.0 JEFF
1.0 1.0 1.0 1.0
1.0 1.0 1.0 1.0
1.0 1.0 1.0 1.0

1.0 1.0 1.0 1.0 MET
1.0 1.0 1.0 1.0
1.0 1.0 1.0 1.0
1.0 1.0 1.0 1.0

!
